[info]
name = SEVEN
author = KUFI

[start]
x = -2.000000
y = -6.750000

[flags]
closed = 0
control_inverted = 0

[color]
r1 = 1.000000
g1 = 0.000000
b1 = 0.100000
r2 = 0.000000
g2 = 1.000000
b2 = 0.000000

[web]
p0 = 60
p1 = 60
p2 = 60
p3 = 60
p4 = 60
p5 = 60
p6 = 60
p7 = 60
p8 = 60
p9 = 60
p10 = 90
p11 = 135
p12 = 180
p13 = 180
p14 = 180
p15 = 180
p16 = 180
p17 = 180
p18 = -9999
