[info]
name = nowhere
author = nobody

[start]
x = -5.750000
y = 2.000000

[flags]
closed = 0
control_inverted = 0

[color]
r1 = 0.000000
g1 = 1.000000
b1 = 1.000000
r2 = 1.000000
g2 = 0.000000
b2 = 0.000000

[web]
p0 = 270
p1 = 270
p2 = 270
p3 = 270
p4 = 270
p5 = 300
p6 = 330
p7 = 360
p8 = 25
p9 = 25
p10 = 25
p11 = 25
p12 = 25
p13 = 25
p14 = 25
p15 = 25
p16 = 25
p17 = 25
p18 = 25
p19 = 45
p20 = 90
p21 = -9999
