[info]
name = Bow

[start]
x = -1.750000
y = -5.750000

[flags]
closed = 0

[enemies]
c = 60
d = 72

[color]
r1 = 0.000000
g1 = 1.000000
b1 = 1.000000
r2 = 1.000000
g2 = 0.700000
b2 = 0.000000

[web]
p0 = 0
p1 = 10
p2 = 20
p3 = 30
p4 = 40
p5 = 50
p6 = 60
p7 = 70
p8 = 80
p9 = 90
p10 = 100
p11 = 110
p12 = 120
p13 = 130
p14 = 140
p15 = 150
p16 = 160
p17 = 170
p18 = 180
