[info]
name = nowhere
author = nobody

[start]
x = 5.000000
y = 6.000000

[flags]
closed = 0
control_inverted = 1

[color]
r1 = 1.000000
g1 = 0.000000
b1 = 1.000000
r2 = 0.000000
g2 = 1.000000
b2 = 0.000000

[web]
p0 = 180
p1 = 195
p2 = 210
p3 = 215
p4 = 225
p5 = 230
p6 = 245
p7 = 255
p8 = 245
p9 = 235
p10 = 225
p11 = 215
p12 = 215
p13 = 230
p14 = 250
p15 = 270
p16 = 280
p17 = -9999
