[info]
name = nowhere
author = nobody

[start]
x = -3.500000
y = 3.500000

[flags]
closed = 0
control_inverted = 0

[color]
r1 = 0.000000
g1 = 0.500000
b1 = 1.000000
r2 = 0.000000
g2 = 1.000000
b2 = 0.000000

[web]
p0 = 320
p1 = 285
p2 = 250
p3 = 265
p4 = 275
p5 = 295
p6 = 310
p7 = 285
p8 = 330
p9 = 10
p10 = 30
p11 = 10
p12 = 50
p13 = 80
p14 = 100
p15 = 125
p16 = 105
p17 = 65
p18 = 35
p19 = 15
p20 = 0
p21 = -9999
