[start]
x = -3
y = -3

[flags]
closed = 0

[enemies]
c = 50
d = 64

[color]
r1 = 0.750000
g1 = 0.550000
b1 = 0.000000
r2 = 0.000000
g2 = 0.500000
b2 = 1.000000

[web]
p0 = 360
p1 = 360
p2 = 360
p3 = 360
p4 = 360
p5 = 360
p6 = 90
p7 = 90
p8 = 90
p9 = 90
p10 = 90
p11 = 90
p12 = 180
p13 = 180
p14 = 180
p15 = 180
p16 = 180
p17 = 180
p18 = 270
p19 = 270
p20 = 270
p21 = 360
p22 = 360
p23 = 360

[info]
name = SideBox
