[info]
name = Shaft
author = kufi

[start]
x = 3.500000
y = -0.500000

[flags]
closed = 1
control_inverted = 0

[enemies]
c = 80
d = 32

[color]
r1 = 0.000000
g1 = 1.000000
b1 = 1.000000
r2 = 1.000000
g2 = 0.000000
b2 = 1.000000

[web]
p17 = 45
p16 = 20
p15 = 45
p14 = 0
p13 = 0
p12 = 315
p11 = 340
p10 = 315
p9 = 270
p8 = 225
p7 = 200
p6 = 225
p5 = 180
p4 = 180
p3 = 135
p2 = 160
p1 = 135
p0 = 90
p18 = -9999
