[info]
name = Eight
author = kufi

[start]
x = 0.000000
y = -1.500000

[flags]
closed = 1
control_inverted = 0

[color]
r1 = 0.000000
g1 = 0.150000
b1 = 1.000000
r2 = 1.000000
g2 = 0.750000
b2 = 0.000000
r3 = .5
g3 = .2
b3 = 0
r4 = .1
g4 = .1
b4 = 1

[web]
p0 = 325
p1 = 360
p2 = 20
p3 = 45
p4 = 75
p5 = 105
p6 = 135
p7 = 160
p8 = 180
p9 = 215
p10 = 145
p11 = 180
p12 = 200
p13 = 225
p14 = 255
p15 = 285
p16 = 315
p17 = 340
p18 = 0
p19 = 35
p20 = -9999
p21 = 345
p22 = 5
p23 = 25
p24 = -9999
p25 = 325
p26 = 345
p27 = 5
p28 = 25
p29 = 45
p30 = -9999
