[info]
name = nowhere
author = nobody

[start]
x = 4.500000
y = -4.000000

[flags]
closed = 0
control_inverted = 1

[color]
r1 = 1.000000
g1 = 1.000000
b1 = 0.150000
r2 = 0.000000
g2 = 0.000000
b2 = 1.000000

[web]
p0 = 90
p1 = 90
p2 = 125
p3 = 125
p4 = 125
p5 = 125
p6 = 125
p7 = 125
p8 = 125
p9 = 180
p10 = 235
p11 = 235
p12 = 235
p13 = 235
p14 = 235
p15 = 235
p16 = 235
p17 = 270
p18 = 270
p19 = -9999
p20 = 270
p21 = -9999
