[info]
name = strange
author = kufi

[start]
x = -2.250000
y = 4.500000

[flags]
closed = 0
control_inverted = 0

[color]
r1 = 0.000000
g1 = 0.550000
b1 = 1.000000
r2 = 0.700000
g2 = 1.000000
b2 = 0.000000

[web]
p0 = 35
p1 = 15
p2 = 345
p3 = 325
p4 = 305
p5 = 290
p6 = 270
p7 = 250
p8 = 240
p9 = 260
p10 = 280
p11 = 295
p12 = 315
p13 = 330
p14 = 350
p15 = 375
p16 = -9999
p17 = 340
p18 = 5
p19 = -9999
p20 = 35
p21 = -9999
p22 = 100
p23 = -9999
