[info]
name = Ellipsis
author = Kufi

[start]
x = -4.500000
y = -1.000000

[flags]
closed = 1

[color]
r1 = 1.000000
g1 = 0.500000
b1 = 0.000000
r2 = 0.000000
g2 = 0.950000
b2 = 1.000000

[web]
p0 = 310
p1 = 330
p2 = 340
p3 = 350
p4 = 355
p5 = 5
p6 = 10
p7 = 20
p8 = 30
p9 = 50
p10 = 80
p11 = 100
p12 = 130
p13 = 150
p14 = 160
p15 = 170
p16 = 175
p17 = 185
p18 = 190
p19 = 200
p20 = 210
p21 = 230
p22 = 260
p23 = 280
p24 = -9999
