[info]
name = Screw

[start]
x = -2.500000
y = -0.500000

[flags]
closed = 1

[enemies]
d = 64

[color]
r1 = 0.000000
g1 = 0.000000
b1 = 1.000000
r2 = 1.000000
g2 = 0.000000
b2 = 0.000000

[web]
p0 = 345
p1 = 315
p2 = 285
p3 = 0
p4 = 75
p5 = 45
p6 = 15
p7 = 90
p8 = 165
p9 = 135
p10 = 105
p11 = 180
p12 = 255
p13 = 225
p14 = 195
p15 = 270
