[info]
name = g
author = kufi

[start]
x = 0.500000
y = 3.750000

[flags]
closed = 0
control_inverted = 0

[color]
r1 = 0.000000
g1 = 1.000000
b1 = 1.000000
r2 = 1.000000
g2 = 0.000000
b2 = 0.000000

[web]
p0 = 180
p1 = 195
p2 = 210
p3 = 225
p4 = 240
p5 = 255
p6 = 270
p7 = 285
p8 = 300
p9 = 315
p10 = 330
p11 = 345
p12 = 360
p13 = 15
p14 = 30
p15 = 45
p16 = 60
p17 = 75
p18 = 110
p19 = 160
p20 = 185
p21 = 220
p22 = -9999
