[info]
name = UBow
author = kufi

[start]
x = 3.750000
y = -4.500000

[flags]
closed = 0
control_inverted = 1

[enemies]
c = 50
d = 64

[color]
r1 = 0.000000
g1 = 0.500000
b1 = 0.600000
r2 = 0.900000
g2 = 0.750000
b2 = 0.000000

[web]
p0 = 90
p1 = 90
p2 = 90
p3 = 90
p4 = 90
p5 = 90
p6 = 105
p7 = 120
p8 = 135
p9 = 150
p10 = 165
p11 = 180
p12 = 195
p13 = 210
p14 = 225
p15 = 240
p16 = 255
p17 = 270
p18 = 270
p19 = 270
p20 = 270
p21 = 270
p22 = 270
p23 = -9999
