[info]
name = inverted hills
author = kufi

[start]
x = 8.000000
y = 0.000000

[flags]
closed = 0
control_inverted = 1

[color]
r1 = 1.000000
g1 = 1.000000
b1 = 0.050000
r2 = 0.000000
g2 = 0.000000
b2 = 1.000000

[web]
p0 = 120
p1 = 120
p2 = 180
p3 = 180
p4 = 120
p5 = 120
p6 = 180
p7 = 180
p8 = 240
p9 = 240
p10 = 180
p11 = 180
p12 = 120
p13 = 120
p14 = 180
p15 = 180
p16 = 240
p17 = 240
p18 = 180
p19 = 180
p20 = 240
p21 = 240
p22 = -9999
