[info]
name = p
author = kufi

[start]
x = -1.500000
y = -0.750000

[flags]
closed = 0
control_inverted = 0

[color]
r1 = 0.950000
g1 = 0.300000
b1 = 0.050000
r2 = 0.000000
g2 = 0.250000
b2 = 1.000000

[web]
p0 = 360
p1 = 360
p2 = 360
p3 = 40
p4 = 60
p5 = 90
p6 = 120
p7 = 140
p8 = 180
p9 = 180
p10 = 180
p11 = 180
p12 = 270
p13 = 270
p14 = 270
p15 = 270
p16 = 270
p17 = 270
p18 = 270
p19 = 270
p20 = -9999
p21 = 270
p22 = -9999
