[info]
name = Three
author = Kufi

[start]
x = -3.850000
y = 2.750000

[flags]
closed = 0

[color]
r1 = 1.000000
g1 = 0.350000
b1 = 0.000000
r2 = 0.000000
g2 = 1.000000
b2 = 0.750000

[web]
p0 = 215
p1 = 235
p2 = 255
p3 = 275
p4 = 295
p5 = 315
p6 = 335
p7 = 355
p8 = 20
p9 = 40
p10 = 60
p11 = 80
p12 = 280
p13 = 300
p14 = 320
p15 = 340
p16 = 5
p17 = 25
p18 = 45
p19 = 65
p20 = 85
p21 = 105
p22 = 125
p23 = 145
p24 = -9999
p25 = 85
p26 = 105
p27 = 125
p28 = 145
p29 = 165
p30 = -9999