[info]
name = Hill
author = kufi

[start]
x = -4.000000
y = -3.000000

[flags]
closed = 0
control_inverted = 1

[enemies]
c = 50
d = 48

[color]
r1 = 1.000000
g1 = 1.000000
b1 = 0.000000
r2 = 1.000000
g2 = 0.000000
b2 = 1.000000
r3 = 1
g3 = 0
b3 = 0
r4 = 0
g4 = 0
b4 = 1

[web]
p0 = 60
p1 = 60
p2 = 60
p3 = 60
p4 = 60
p5 = 60
p6 = 60
p7 = 60
p8 = 300
p9 = 300
p10 = 300
p11 = 300
p12 = 300
p13 = 300
p14 = 300
p15 = 300
p16 = -9999
