[info]
name = The Circle
author = kufi

[start]
x = -0.500000
y = -2.850000

[web]
p0 = 0
p1 = 20
p2 = 40
p3 = 60
p4 = 80
p5 = 100
p6 = 120
p7 = 140
p8 = 160
p9 = 180
p10 = 200
p11 = 220
p12 = 240
p13 = 260
p14 = 280
p15 = 300
p16 = 320
p17 = 340
p18 = -9999

[flags]
closed = 1
control_inverted = 0

[color]
r1 = 1.000000
g1 = 0.000000
b1 = 0.050000
r2 = 0.000000
g2 = 1.000000
b2 = 0.000000
r3 = 1
g3 = 1
b3 = 0
r4 = 0
g4 = 1
b4 = 1

[enemies]
d = 96
