[info]
name = Flatland
author = Kufi

[start]
x = -7.500000
y = -2.000000

[web]
p0 = 0
p1 = 0
p2 = 0
p3 = 0
p4 = 0
p5 = 0
p6 = 0
p7 = 0
p8 = 0
p9 = 0
p10 = 0
p11 = 0
p12 = 0
p13 = 0
p14 = 0
p15 = -9999

[flags]
closed = 0
control_inverted = 0

[color]
r1 = 1.000000
g1 = 0.000000
b1 = 1.000000
r2 = 0.000000
g2 = 1.000000
b2 = 0.000000
