[info]
name = UU
author = kufi

[start]
x = -6.250000
y = 0.000000

[flags]
closed = 0
control_inverted = 0

[enemies]
c = 50
d = 64

[color]
r1 = 0.800000
g1 = 0.550000
b1 = 0.100000
r2 = 1.000000
g2 = 0.000000
b2 = 0.000000

[web]
p0 = 315
p1 = 315
p2 = 315
p3 = 315
p4 = 330
p5 = 355
p6 = 0
p7 = 0
p8 = 0
p9 = 5
p10 = 30
p11 = 45
p12 = 45
p13 = 45
p14 = 45
p15 = -9999
