[info]
name = Trapezoid
author = Kufi

[start]
x = -4.000000
y = -2.250000

[flags]
closed = 1

[color]
r1 = 1.000000
g1 = 0.400000
b1 = 0.000000
r2 = 0.000000
g2 = 1.000000
b2 = 1.000000

[web]
p0 = 0
p1 = 0
p2 = 0
p3 = 0
p4 = 0
p5 = 0
p6 = 0
p7 = 0
p8 = 120
p9 = 120
p10 = 120
p11 = 120
p12 = 120
p13 = 120
p14 = 180
p15 = 180
p16 = 240
p17 = 240
p18 = 240
p19 = 240
p20 = 240
p21 = 240
p22 = -9999