[info]
name = Mountain
author = kufi

[start]
x = 5.500000
y = -2.750000

[flags]
closed = 0
control_inverted = 1

[enemies]
c = 50
d = 64

[color]
r1 = 1.000000
g1 = 0.700000
b1 = 0.050000
r2 = 0.000000
g2 = 0.550000
b2 = 1.000000

[web]
p0 = 120
p1 = 120
p2 = 120
p3 = 120
p4 = 120
p5 = 135
p6 = 150
p7 = 165
p8 = 180
p9 = 195
p10 = 210
p11 = 225
p12 = 240
p13 = 240
p14 = 240
p15 = 240
p16 = 240
p17 = -9999
