[info]
name = TRENCH
author = kufi

[start]
x = -5.500000
y = 1.500000

[flags]
closed = 0
control_inverted = 0

[color]
r1 = 1.000000
g1 = 1.000000
b1 = 0.150000
r2 = 1.000000
g2 = 0.000000
b2 = 0.000000

[web]
p0 = 0
p1 = 0
p2 = 315
p3 = 270
p4 = 270
p5 = 315
p6 = 0
p7 = 0
p8 = 0
p9 = 0
p10 = 45
p11 = 90
p12 = 90
p13 = 45
p14 = 360
p15 = 360
p16 = -9999
p17 = 105
p18 = 115
p19 = 135
p20 = 150
p21 = 160
p22 = 175
p23 = 180
p24 = 180
p25 = -9999
