[info]
name = slashie
author = kufi

[start]
x = -3.750000
y = -6.500000

[flags]
closed = 0
control_inverted = 0

[color]
r1 = 1.000000
g1 = 0.000000
b1 = 0.100000
r2 = 0.000000
g2 = 1.000000
b2 = 1.000000

[web]
p0 = 45
p1 = 45
p2 = 45
p3 = 45
p4 = 15
p5 = 0
p6 = 0
p7 = 20
p8 = 70
p9 = 90
p10 = 90
p11 = 75
p12 = 45
p13 = 45
p14 = 45
p15 = 45
p16 = -9999
