[info]
name = overhead
author = kufi

[start]
x = 7.250000
y = 1.500000

[flags]
closed = 0
control_inverted = 1

[color]
r1 = 0.000000
g1 = 1.000000
b1 = 1.000000
r2 = 0.000000
g2 = 1.000000
b2 = 0.000000

[web]
p0 = 180
p1 = 180
p2 = 180
p3 = 160
p4 = 135
p5 = 160
p6 = 180
p7 = 180
p8 = 180
p9 = 200
p10 = 225
p11 = 200
p12 = 180
p13 = 180
p14 = 180
p15 = -9999
