[info]
name = demon
author = kufi

[start]
x = -0.500000
y = -2.500000

[flags]
closed = 1
control_inverted = 0

[color]
r1 = 0.000000
g1 = 1.000000
b1 = 0.050000
r2 = 0.000000
g2 = 0.000000
b2 = 1.000000

[web]
p0 = 0
p1 = 60
p2 = 60
p3 = 60
p4 = 60
p5 = 60
p6 = 60
p7 = 180
p8 = 220
p9 = 220
p10 = 195
p11 = 165
p12 = 140
p13 = 140
p14 = 180
p15 = 300
p16 = 300
p17 = 300
p18 = 300
p19 = 300
p20 = 300
p21 = -9999
