[info]
name = outercircle
author = kufi

[start]
x = -0.500000
y = 2.750000

[flags]
closed = 1
control_inverted = 0

[color]
r1 = 0.000000
g1 = 1.000000
b1 = 1.000000
r2 = 1.000000
g2 = 0.000000
b2 = 0.000000

[web]
p0 = 0
p1 = 340
p2 = 320
p3 = 300
p4 = 280
p5 = 260
p6 = 240
p7 = 220
p8 = 200
p9 = 180
p10 = 160
p11 = 140
p12 = 120
p13 = 100
p14 = 80
p15 = 60
p16 = 40
p17 = 20
p18 = -9999
