[info]
name = arrow
author = kufi

[start]
x = 0.000000
y = -3.500000

[flags]
closed = 1
control_inverted = 0

[color]
r1 = 0.000000
g1 = 1.000000
b1 = 1.000000
r2 = 1.000000
g2 = 0.000000
b2 = 0.000000

[web]
p0 = 60
p1 = 60
p2 = 60
p3 = 60
p4 = 60
p5 = 60
p6 = 180
p7 = 180
p8 = 120
p9 = 120
p10 = 240
p11 = 240
p12 = 180
p13 = 180
p14 = 300
p15 = 300
p16 = 300
p17 = 300
p18 = 300
p19 = 300
p20 = -9999
