[info]
name = something
author = kufi

[start]
x = -2.500000
y = -0.250000

[flags]
closed = 0
control_inverted = 0

[color]
r1 = 0.000000
g1 = 1.000000
b1 = 1.000000
r2 = 1.000000
g2 = 1.000000
b2 = 0.000000

[web]
p0 = 345
p1 = 310
p2 = 280
p3 = 310
p4 = 325
p5 = 345
p6 = 20
p7 = 50
p8 = 80
p9 = 110
p10 = 120
p11 = 90
p12 = 80
p13 = 115
p14 = 145
p15 = 165
p16 = 185
p17 = 170
p18 = 165
p19 = 180
p20 = 200
p21 = -9999
p22 = 290
p23 = -15
p24 = -9999
