[info]
name = VCross

[start]
x = -3.250000
y = -0.500000

[flags]
closed = 1

[enemies]
c = 50
d = 32

[color]
r1 = 0.000000
g1 = 1.000000
b1 = 0.000000
r2 = 1.000000
g2 = 0.000000
b2 = 0.500000
r3 = 1
g3 = .5
b3 = 0
r4 = 0
g4 = .5
b4 = 1

[web]
p0 = 330
p1 = 330
p2 = 285
p3 = 285
p4 = 285
p5 = 285
p6 = 0
p7 = 75
p8 = 75
p9 = 75
p10 = 75
p11 = 30
p12 = 30
p13 = 90
p14 = 150
p15 = 150
p16 = 105
p17 = 105
p18 = 105
p19 = 105
p20 = 180
p21 = 255
p22 = 255
p23 = 255
p24 = 255
p25 = 210
p26 = 210
p27 = 270
