[info]
name = waves
author = kufi

[start]
x = -7.250000
y = 3.250000

[flags]
closed = 0
control_inverted = 0

[enemies]
c = 50
d = 32

[color]
r1 = 0.000000
g1 = 1.000000
b1 = 0.050000
r2 = 1.000000
g2 = 0.000000
b2 = 0.500000
r3 = 1
g3 = .5
b3 = 0
r4 = 0
g4 = .5
b4 = 1

[web]
p0 = 345
p1 = 345
p2 = 300
p3 = 300
p4 = 345
p5 = 345
p6 = 300
p7 = 300
p8 = 345
p9 = 345
p10 = 300
p11 = 300
p12 = 345
p13 = 345
p14 = 300
p15 = 300
p16 = 300
p17 = -9999
