[info]
name = crazy
author = kufi

[start]
x = -4.500000
y = 1.750000

[flags]
closed = 0

[color]
r1 = 1.000000
g1 = 0.000000
b1 = 0.500000
r2 = 0.650000
g2 = 1.000000
b2 = 0.000000

[web]
p0 = 240
p1 = 240
p2 = 300
p3 = 300
p4 = 360
p5 = 360
p6 = 300
p7 = 300
p8 = 60
p9 = 360
p10 = 360
p11 = 300
p12 = 60
p13 = 60
p14 = 0
p15 = 0
p16 = 60
p17 = 60
p18 = 120
p19 = 120
p20 = -9999
p21 = 300
p22 = 60
p23 = 60
p24 = 120
p25 = 120
p26 = -9999
