[info]
name = Diamond

[start]
x = -4.250000
y = 0.000000

[flags]
closed = 1

[color]
r1 = 1.000000
g1 = 0.500000
b1 = 0.000000
r2 = 0.250000
g2 = 0.250000
b2 = 1.000000

[web]
p0 = 330
p1 = 330
p2 = 330
p3 = 330
p4 = 330
p5 = 30
p6 = 30
p7 = 30
p8 = 30
p9 = 30
p10 = 150
p11 = 150
p12 = 150
p13 = 150
p14 = 150
p15 = 210
p16 = 210
p17 = 210
p18 = 210
p19 = 210
p20 = -9999