[info]
name = swish
author = kufi

[start]
x = -2.000000
y = 0.250000

[flags]
closed = 0

[color]
r1 = 1.000000
g1 = 0.450000
b1 = 0.000000
r2 = 0.000000
g2 = 1.000000
b2 = 1.000000

[web]
p0 = 270
p1 = 295
p2 = 315
p3 = 330
p4 = 350
p5 = 10
p6 = 30
p7 = 50
p8 = 70
p9 = 90
p10 = 115
p11 = 130
p12 = 150
p13 = 160
p14 = 175
p15 = 185
p16 = 195
p17 = 205
p18 = 220
p19 = 230
p20 = 245
p21 = 260
p22 = 270
p23 = -9999
