[info]
name = nowhere
author = nobody

[start]
x = 0.000000
y = -3.500000

[flags]
closed = 1
control_inverted = 0

[color]
r1 = 1.000000
g1 = 0.600000
b1 = -0.000000
r2 = 0.000000
g2 = 0.500000
b2 = 1.000000

[web]
p0 = 60
p1 = 60
p2 = 360
p3 = 360
p4 = 120
p5 = 120
p6 = 60
p7 = 60
p8 = 180
p9 = 180
p10 = 120
p11 = 120
p12 = 240
p13 = 240
p14 = 180
p15 = 180
p16 = 300
p17 = 300
p18 = 240
p19 = 240
p20 = 360
p21 = 360
p22 = 300
p23 = 300
p24 = -9999
