[info]
name = s
author = kufi

[start]
x = -3.250000
y = -3.500000

[flags]
closed = 0
control_inverted = 0

[color]
r1 = 0.000000
g1 = 1.000000
b1 = 1.000000
r2 = 1.000000
g2 = 0.550000
b2 = 0.000000

[web]
p0 = 335
p1 = 320
p2 = 340
p3 = 15
p4 = 40
p5 = 70
p6 = 90
p7 = 115
p8 = 135
p9 = 155
p10 = 165
p11 = 145
p12 = 110
p13 = 75
p14 = 40
p15 = 15
p16 = 350
p17 = 15
p18 = -9999
p19 = -9999
p20 = 85
p21 = -9999
p22 = 150
p23 = -9999
