[info]
name = nowhere
author = nobody

[start]
x = -5.500000
y = -1.750000

[flags]
closed = 0
control_inverted = 0

[color]
r1 = 0.000000
g1 = 0.000000
b1 = 1.000000
r2 = 0.000000
g2 = 1.000000
b2 = 0.000000

[web]
p0 = 60
p1 = 30
p2 = 360
p3 = 330
p4 = 300
p5 = 300
p6 = 330
p7 = 0
p8 = 30
p9 = 60
p10 = 60
p11 = 30
p12 = 360
p13 = 330
p14 = 300
p15 = -9999
