[start]
x = -2.000000
y = -1.000000

[flags]
closed = 1
control_inverted = 0

[enemies]
c = 28
d = 64

[color]
r1 = 1.000000
g1 = 0.000000
b1 = 1.000000
r2 = 0.000000
g2 = 1.000000
b2 = 0.000000

[web]
p0 = 0
p1 = 0
p2 = 270
p3 = 270
p4 = 360
p5 = 360
p6 = 90
p7 = 90
p8 = 90
p9 = 90
p10 = 180
p11 = 180
p12 = 90
p13 = 90
p14 = 180
p15 = 180
p16 = 270
p17 = 270
p18 = 270
p19 = 270
p20 = -9999

[info]
name = blocky
author = kufi
