[info]
name = claw
author = kufi

[start]
x = -3.500000
y = 3.500000

[flags]
closed = 0

[color]
r1 = 0.000000
g1 = 0.400000
b1 = 1.000000
r2 = 1.000000
g2 = 0.000000
b2 = 0.650000

[web]
p0 = 255
p1 = 255
p2 = 255
p3 = 255
p4 = 255
p5 = 340
p6 = 340
p7 = 340
p8 = 340
p9 = 340
p10 = 20
p11 = 20
p12 = 20
p13 = 20
p14 = 20
p15 = 105
p16 = 105
p17 = 105
p18 = 105
p19 = 105
p20 = -9999
p21 = 255
p22 = 255
p23 = 255
p24 = -9999
