[info]
name = Spikebox

[start]
x = -2.500000
y = -2.500000

[flags]
closed = 1

[enemies]
c = 40
d = 32

[color]
r1 = 1.000000
g1 = 0.000000
b1 = 1.000000
r2 = 0.000000
g2 = 1.000000
b2 = 0.000000

[web]
p0 = 0
p1 = 0
p2 = 60
p3 = 300
p4 = 0
p5 = 0
p6 = 90
p7 = 90
p8 = 150
p9 = 30
p10 = 90
p11 = 90
p12 = 180
p13 = 180
p14 = 240
p15 = 120
p16 = 180
p17 = 180
p18 = 270
p19 = 270
p20 = 330
p21 = 210
p22 = 270
p23 = 270
