[info]
name = s
author = kufi

[start]
x = -2.750000
y = -3.750000

[flags]
closed = 0
control_inverted = 0

[color]
r1 = 0.000000
g1 = 0.000000
b1 = 1.000000
r2 = 1.000000
g2 = 1.000000
b2 = 0.000000

[web]
p0 = 0
p1 = 0
p2 = 0
p3 = 10
p4 = 45
p5 = 75
p6 = 105
p7 = 135
p8 = 170
p9 = 180
p10 = 170
p11 = 135
p12 = 105
p13 = 75
p14 = 45
p15 = 10
p16 = 0
p17 = 0
p18 = 0
p19 = -9999
