[info]
name = Wobble

[start]
x = -5.750000
y = -6.750000

[flags]
closed = 0

[enemies]
c = 40
d = 32

[color]
r1 = 0.000000
g1 = 1.000000
b1 = 0.500000
r2 = 1.000000
g2 = 0.500000
b2 = 0.000000
r3 = 0
g3 = 1
b3 = .5
r4 = 1
g4 = .5
b4 = 0

[web]
p0 = 0
p1 = 10
p2 = 20
p3 = 30
p4 = 40
p5 = 50
p6 = 60
p7 = 70
p8 = 80
p9 = 90
p10 = 0
p11 = 10
p12 = 20
p13 = 30
p14 = 40
p15 = 50
p16 = 60
p17 = 70
p18 = 80
p19 = 90
