[info]
name = tape
author = kufi

[start]
x = 0.500000
y = 4.250000

[flags]
closed = 0
control_inverted = 0

[color]
r1 = 0.000000
g1 = 1.000000
b1 = 1.000000
r2 = 1.000000
g2 = 0.000000
b2 = 0.000000

[web]
p0 = 330
p1 = 300
p2 = 265
p3 = 285
p4 = 305
p5 = 275
p6 = 240
p7 = 215
p8 = 190
p9 = 160
p10 = 135
p11 = 110
p12 = 140
p13 = 175
p14 = 210
p15 = 245
p16 = 280
p17 = 310
p18 = 335
p19 = 360
p20 = -9999
p21 = -9999
p22 = 245
p23 = 245
p24 = -9999
