[info]
name = Triangle
author = kufi

[start]
x = -3.000000
y = -1.850000

[flags]
closed = 1
control_inverted = 0

[enemies]
c = 22
d = 80

[color]
r1 = 1.000000
g1 = 0.000000
b1 = 1.000000
r2 = 0.000000
g2 = 1.000000
b2 = 0.000000
r3 = 0
g3 = 1
b3 = 0
r4 = 1
g4 = 0
b4 = 1

[web]
p0 = 0
p1 = 0
p2 = 0
p3 = 0
p4 = 0
p5 = 0
p6 = 120
p7 = 120
p8 = 120
p9 = 120
p10 = 120
p11 = 120
p12 = 240
p13 = 240
p14 = 240
p15 = 240
p16 = 240
p17 = 240
p18 = -9999
