[info]
name = Zero

[start]
x = -2.750000
y = 0.000000

[flags]
closed = 1

[enemies]
c = 50
d = 72

[color]
r1 = 1.000000
g1 = 0.400000
b1 = 0.000000
r2 = 0.750000
g2 = 0.500000
b2 = 1.000000

[web]
p0 = 270
p1 = 270
p2 = 290
p3 = 310
p4 = 330
p5 = 350
p6 = 10
p7 = 30
p8 = 50
p9 = 70
p10 = 90
p11 = 90
p12 = 90
p13 = 90
p14 = 110
p15 = 130
p16 = 150
p17 = 170
p18 = 190
p19 = 210
p20 = 230
p21 = 250
p22 = 270
p23 = 270
p24 = -9999
