[info]
name = m
author = kufi

[start]
x = -3.250000
y = 3.000000

[flags]
closed = 0
control_inverted = 0

[color]
r1 = 0.000000
g1 = 0.550000
b1 = 1.000000
r2 = 1.000000
g2 = 1.000000
b2 = 0.000000

[web]
p0 = 250
p1 = 250
p2 = 250
p3 = 250
p4 = 250
p5 = 250
p6 = 360
p7 = 360
p8 = 40
p9 = 40
p10 = 40
p11 = 0
p12 = 0
p13 = 320
p14 = 320
p15 = 320
p16 = 0
p17 = 0
p18 = 110
p19 = 110
p20 = 110
p21 = 110
p22 = 110
p23 = 110
p24 = -9999
