[info]
name = V
author = kufi

[start]
x = -5.500000
y = 4.750000

[flags]
closed = 0
control_inverted = 0

[enemies]
c = 80
d = 32

[color]
r1 = 1.000000
g1 = 0.500000
b1 = 0.050000
r2 = 0.000000
g2 = 0.500000
b2 = 1.000000

[web]
p0 = 300
p1 = 300
p2 = 300
p3 = 300
p4 = 300
p5 = 300
p6 = 300
p7 = 300
p8 = 300
p9 = 300
p10 = 300
p11 = 60
p12 = 60
p13 = 60
p14 = 60
p15 = 60
p16 = 60
p17 = 60
p18 = 60
p19 = 60
p20 = 60
p21 = 60
p22 = -9999
