[info]
name = silly
author = kufi

[start]
x = -4.500000
y = -5.500000

[flags]
closed = 0
control_inverted = 0

[color]
r1 = 0.000000
g1 = 0.000000
b1 = 1.000000
r2 = 0.000000
g2 = 1.000000
b2 = 0.000000

[web]
p0 = 15
p1 = 40
p2 = 70
p3 = 95
p4 = 75
p5 = 55
p6 = 40
p7 = 15
p8 = 355
p9 = 340
p10 = 345
p11 = 5
p12 = 25
p13 = 60
p14 = 85
p15 = 105
p16 = 130
p17 = 150
p18 = 170
p19 = 185
p20 = 205
p21 = 230
p22 = -9999
