[start]
x = -4.500000
y = 0.000000

[flags]
closed = 1

[enemies]
c = 28
d = 32

[color]
r1 = 1.000000
g1 = 1.000000
b1 = 0.000000
r2 = 0.000000
g2 = 1.000000
b2 = 1.000000

[web]
p0 = 315
p1 = 325
p2 = 335
p3 = 345
p4 = 355
p5 = 5
p6 = 15
p7 = 25
p8 = 35
p9 = 45
p10 = 135
p11 = 145
p12 = 155
p13 = 165
p14 = 175
p15 = 185
p16 = 195
p17 = 205
p18 = 215
p19 = 225

[info]
name = Eye
