[info]
name = edges
author = kufi

[start]
x = -3.500000
y = 1.250000

[flags]
closed = 0
control_inverted = 0

[color]
r1 = 0.000000
g1 = 1.000000
b1 = 1.000000
r2 = 1.000000
g2 = 0.000000
b2 = 1.000000

[web]
p0 = 315
p1 = 225
p2 = 315
p3 = 225
p4 = 315
p5 = 45
p6 = 315
p7 = 45
p8 = 315
p9 = 45
p10 = 315
p11 = 45
p12 = 315
p13 = 45
p14 = 135
p15 = 45
p16 = 135
p17 = 45
p18 = -9999
