[info]
name = Spiral
author = kufi

[start]
x = 0.250000
y = -1.000000

[flags]
closed = 0
control_inverted = 0

[enemies]
c = 40
d = 48

[color]
r1 = 0.000000
g1 = 1.000000
b1 = 0.050000
r2 = 0.000000
g2 = 0.000000
b2 = 1.000000
r3 = 1
g3 = 0
b3 = 0
r4 = 0
g4 = 1
b4 = 0

[web]
p0 = 60
p1 = 105
p2 = 135
p3 = 165
p4 = 205
p5 = -130
p6 = -100
p7 = -80
p8 = -60
p9 = -40
p10 = -20
p11 = -5
p12 = 10
p13 = 30
p14 = 50
p15 = 65
p16 = 80
p17 = 95
p18 = 100
p19 = 115
p20 = 125
p21 = 135
p22 = -9999
