[info]
name = C=
author = kufi

[start]
x = 1.250000
y = -1.750000

[flags]
closed = 1
control_inverted = 0

[color]
r1 = 1.000000
g1 = 0.000000
b1 = 0.050000
r2 = 0.000000
g2 = 0.000000
b2 = 1.000000

[web]
p0 = 0
p1 = 0
p2 = 0
p3 = 125
p4 = 125
p5 = 55
p6 = 55
p7 = 180
p8 = 180
p9 = 180
p10 = 90
p11 = 90
p12 = 170
p13 = 180
p14 = 195
p15 = 210
p16 = 225
p17 = 240
p18 = 260
p19 = 270
p20 = 280
p21 = 300
p22 = 315
p23 = 330
p24 = 345
p25 = 360
p26 = 10
p27 = 90
p28 = 90
p29 = -9999
p30 = 90
p31 = -9999
