[info]
name = W
author = kufi

[start]
x = -7.000000
y = -0.250000

[flags]
closed = 0
control_inverted = 0

[enemies]
c = 50
d = 32

[color]
r1 = 0.000000
g1 = 0.000000
b1 = 1.000000
r2 = 0.500000
g2 = 1.000000
b2 = 1.000000
r3 = .2
g3 = .5
b3 = 1
r4 = 1
g4 = .5
b4 = .2

[web]
p0 = 315
p1 = 315
p2 = 315
p3 = 315
p4 = 315
p5 = 45
p6 = 45
p7 = 45
p8 = 45
p9 = 45
p10 = 315
p11 = 315
p12 = 315
p13 = 315
p14 = 315
p15 = 45
p16 = 45
p17 = 45
p18 = 45
p19 = 45
p20 = -9999
