[info]
name = nowhere
author = nobody

[start]
x = -6.750000
y = 3.750000

[flags]
closed = 0
control_inverted = 0

[color]
r1 = 1.000000
g1 = 1.000000
b1 = 0.050000
r2 = 0.000000
g2 = 0.000000
b2 = 1.000000

[web]
p0 = 300
p1 = 275
p2 = 315
p3 = 300
p4 = 265
p5 = 280
p6 = 345
p7 = 20
p8 = 340
p9 = 10
p10 = 300
p11 = 305
p12 = 325
p13 = 5
p14 = 35
p15 = 320
p16 = 325
p17 = 50
p18 = 40
p19 = 20
p20 = 20
p21 = -9999
