[info]
name = U
author = kufi

[start]
x = -6.000000
y = 2.000000

[flags]
closed = 0

[enemies]
c = 56
d = 32

[color]
r1 = 0.500000
g1 = 1.000000
b1 = 0.000000
r2 = 0.000000
g2 = 0.500000
b2 = 1.000000

[web]
p0 = 270
p1 = 270
p2 = 270
p3 = 270
p4 = 295
p5 = 315
p6 = 335
p7 = 0
p8 = 0
p9 = 0
p10 = 0
p11 = 0
p12 = 0
p13 = 0
p14 = 0
p15 = 25
p16 = 45
p17 = 65
p18 = 90
p19 = 90
p20 = 90
p21 = 90
p22 = -9999
