[info]
name = gothic
author = kufi

[start]
x = 2.500000
y = -4.250000

[flags]
closed = 0
control_inverted = 1

[color]
r1 = 0.000000
g1 = 1.000000
b1 = 1.000000
r2 = 1.000000
g2 = 0.000000
b2 = 0.000000

[web]
p0 = 90
p1 = 90
p2 = 90
p3 = 90
p4 = 95
p5 = 100
p6 = 110
p7 = 120
p8 = 130
p9 = 135
p10 = 225
p11 = 230
p12 = 240
p13 = 250
p14 = 260
p15 = 265
p16 = 270
p17 = 270
p18 = 270
p19 = 270
p20 = -9999
