[info]
name = flurry
author = kufi

[start]
x = 3.250000
y = 2.250000

[flags]
closed = 0
control_inverted = 0

[color]
r1 = 1.000000
g1 = 0.000000
b1 = 1.000000
r2 = 0.000000
g2 = 1.000000
b2 = 0.000000

[web]
p0 = 315
p1 = 295
p2 = 275
p3 = 250
p4 = 225
p5 = 200
p6 = 180
p7 = 155
p8 = 135
p9 = 120
p10 = 100
p11 = 120
p12 = 150
p13 = 175
p14 = 200
p15 = 225
p16 = 255
p17 = 285
p18 = 310
p19 = 335
p20 = -9999
p21 = 330
p22 = -9999
