[info]
name = big bow
author = kufi

[start]
x = -6.500000
y = 3.500000

[flags]
closed = 0
control_inverted = 0

[color]
r1 = 1.000000
g1 = 1.000000
b1 = 0.050000
r2 = 1.000000
g2 = -0.000000
b2 = 1.000000

[web]
p0 = 240
p1 = 240
p2 = 240
p3 = 240
p4 = 315
p5 = 320
p6 = 325
p7 = 330
p8 = 335
p9 = 340
p10 = 345
p11 = 350
p12 = 355
p13 = 360
p14 = 5
p15 = 10
p16 = 15
p17 = 20
p18 = 25
p19 = 30
p20 = 35
p21 = 40
p22 = 45
p23 = 120
p24 = 120
p25 = 120
p26 = 120
p27 = -9999
