[info]
name = rocky
author = kufi

[start]
x = -2.000000
y = -5.250000

[flags]
closed = 0
control_inverted = 0

[color]
r1 = 1.000000
g1 = 0.000000
b1 = 0.200000
r2 = 0.000000
g2 = 1.000000
b2 = 0.000000

[web]
p0 = 20
p1 = 75
p2 = 50
p3 = 5
p4 = 30
p5 = 30
p6 = 10
p7 = 60
p8 = 140
p9 = 100
p10 = 165
p11 = 120
p12 = 70
p13 = 65
p14 = 105
p15 = 135
p16 = 170
p17 = 145
p18 = 155
p19 = -9999
p20 = 185
p21 = 185
p22 = -9999
