[info]
name = Steps
author = kufi

[start]
x = -4.500000
y = 0.500000

[flags]
closed = 0
control_inverted = 0

[enemies]
c = 40
d = 32

[color]
r1 = 1.000000
g1 = 0.000000
b1 = 1.000000
r2 = -0.000000
g2 = 1.000000
b2 = 0.000000

[web]
p0 = 270
p1 = 0
p2 = 270
p3 = 0
p4 = 270
p5 = 0
p6 = 270
p7 = 0
p8 = 270
p9 = 0
p10 = 90
p11 = 0
p12 = 90
p13 = 0
p14 = 90
p15 = 0
p16 = 90
p17 = 0
p18 = 90
p19 = -9999
