[info]
name = WW

[start]
x = -6.000000
y = 0.000000

[flags]
closed = 0

[enemies]
c = 50
d = 64

[color]
r1 = 1.000000
g1 = -0.000000
b1 = 0.000000
r2 = 0.000000
g2 = -0.000000
b2 = 1.000000

[web]
p0 = 300
p1 = 300
p2 = 300
p3 = 300
p4 = 60
p5 = 60
p6 = 60
p7 = 60
p8 = 60
p9 = 60
p10 = 60
p11 = 60
p12 = 300
p13 = 300
p14 = 300
p15 = 300
p16 = 300
p17 = 300
p18 = 300
p19 = 300
p20 = 60
p21 = 60
p22 = 60
p23 = 60
