[info]
name = inverted 3
author = kufi

[start]
x = 7.250000
y = -0.750000

[flags]
closed = 0
control_inverted = 1

[color]
r1 = 1.000000
g1 = 1.000000
b1 = 0.000000
r2 = 0.000000
g2 = 0.000000
b2 = 1.000000

[web]
p0 = 90
p1 = 105
p2 = 120
p3 = 135
p4 = 150
p5 = 165
p6 = 180
p7 = 195
p8 = 210
p9 = 225
p10 = 240
p11 = 120
p12 = 135
p13 = 150
p14 = 165
p15 = 180
p16 = 195
p17 = 210
p18 = 225
p19 = 240
p20 = 255
p21 = 270
p22 = -9999
