[info]
name = Hills
author = kufi

[start]
x = -6.500000
y = 1.750000

[flags]
closed = 0
control_inverted = 0

[enemies]
c = 50
d = 64

[color]
r1 = 1.000000
g1 = 0.000000
b1 = 0.050000
r2 = 0.000000
g2 = 0.550000
b2 = 1.000000

[web]
p0 = 280
p1 = 305
p2 = 335
p3 = 325
p4 = 300
p5 = 280
p6 = 290
p7 = 35
p8 = 35
p9 = 60
p10 = 40
p11 = 5
p12 = 355
p13 = 50
p14 = 360
p15 = 335
p16 = 60
p17 = 80
p18 = 60
p19 = 75
p20 = 55
p21 = -9999
p22 = 90
p23 = 45
p24 = 65
