[info]
name = Spikes
author = Kufi

[start]
x = -5.000000
y = -1.750000

[flags]
closed = 0

[color]
r1 = 1.000000
g1 = 0.000000
b1 = 0.000000
r2 = 0.000000
g2 = 1.000000
b2 = 0.000000

[web]
p0 = 0
p1 = 300
p2 = 300
p3 = 360
p4 = 60
p5 = 60
p6 = 60
p7 = 60
p8 = 300
p9 = 300
p10 = 300
p11 = 300
p12 = 0
p13 = 60
p14 = 60
p15 = 360
p16 = -9999
p17 = 360
p18 = 300
p19 = 300
p20 = -9999
p21 = 60
p22 = 300
p23 = 300
p24 = -9999
