[info]
name = l
author = kufi

[start]
x = -3.000000
y = 5.500000

[flags]
closed = 0
control_inverted = 0

[color]
r1 = 1.000000
g1 = 0.000000
b1 = 0.100000
r2 = 0.000000
g2 = 1.000000
b2 = 0.000000

[web]
p0 = 270
p1 = 270
p2 = 270
p3 = 270
p4 = 270
p5 = 270
p6 = 270
p7 = 280
p8 = 300
p9 = 330
p10 = 350
p11 = 0
p12 = 0
p13 = 0
p14 = 0
p15 = 0
p16 = -9999
