[info]
name = round box
author = kufi

[start]
x = -1.500000
y = -3.500000

[flags]
closed = 1

[color]
r1 = 1.000000
g1 = 1.000000
b1 = 0.000000
r2 = 0.000000
g2 = 1.000000
b2 = 1.000000

[web]
p0 = 0
p1 = 0
p2 = 0
p3 = 20
p4 = 45
p5 = 70
p6 = 90
p7 = 90
p8 = 90
p9 = 110
p10 = 135
p11 = 160
p12 = 180
p13 = 180
p14 = 180
p15 = 200
p16 = 225
p17 = 250
p18 = 270
p19 = 270
p20 = 270
p21 = 290
p22 = 315
p23 = 340
p24 = -9999
