[info]
name = edgy
author = kufi

[start]
x = -7.000000
y = -1.000000

[flags]
closed = 0
control_inverted = 0

[color]
r1 = 0.000000
g1 = 1.000000
b1 = 1.000000
r2 = 1.000000
g2 = 1.000000
b2 = 0.000000

[web]
p0 = 330
p1 = 30
p2 = 330
p3 = 30
p4 = 330
p5 = 30
p6 = 330
p7 = 30
p8 = 330
p9 = 30
p10 = 330
p11 = 30
p12 = 330
p13 = 30
p14 = 330
p15 = 30
p16 = -9999
