[start]
x = 1.250000
y = -4.000000

[flags]
closed = 0
control_inverted = 0

[color]
r1 = 0.000000
g1 = 0.000000
b1 = 1.000000
r2 = 1.000000
g2 = 1.000000
b2 = 0.000000

[web]
p0 = 90
p1 = 90
p2 = 90
p3 = 90
p4 = 45
p5 = 0
p6 = 0
p7 = 45
p8 = 90
p9 = 135
p10 = 180
p11 = 180
p12 = 180
p13 = 180
p14 = 180
p15 = 180
p16 = 180
p17 = 180
p18 = 225
p19 = 270
p20 = 315
p21 = 0
p22 = 360
p23 = 315
p24 = 270
p25 = 270
p26 = 270
p27 = 270
p28 = -9999
[info]
name = t
author = kufi
