[info]
name = whatever
author = kufi

[start]
x = -5.000000
y = -6.750000

[flags]
closed = 0
control_inverted = 0

[color]
r1 = 0.000000
g1 = 0.550000
b1 = 1.000000
r2 = 0.800000
g2 = 1.000000
b2 = 0.000000

[web]
p0 = 330
p1 = 345
p2 = 5
p3 = 25
p4 = 50
p5 = 65
p6 = 75
p7 = 90
p8 = 85
p9 = 80
p10 = 65
p11 = 45
p12 = 25
p13 = 15
p14 = 35
p15 = 60
p16 = 80
p17 = 95
p18 = 105
p19 = 125
p20 = 145
p21 = 145
p22 = -9999
