[info]
name = clover
author = kufi

[start]
x = 0.000000
y = -1.000000

[flags]
closed = 1
control_inverted = 0

[color]
r1 = 1.000000
g1 = 0.000000
b1 = 0.050000
r2 = 0.000000
g2 = 1.000000
b2 = 1.000000

[web]
p0 = 300
p1 = 15
p2 = 75
p3 = 150
p4 = 30
p5 = 105
p6 = 165
p7 = 240
p8 = 120
p9 = 195
p10 = 255
p11 = 330
p12 = 210
p13 = 285
p14 = 345
p15 = 60
p16 = -9999
