[info]
name = inverted v
author = kufi

[start]
x = 5.000000
y = -4.000000

[flags]
closed = 0
control_inverted = 1

[color]
r1 = 1.000000
g1 = 0.000000
b1 = 1.000000
r2 = 0.000000
g2 = 0.000000
b2 = 1.000000

[web]
p0 = 120
p1 = 120
p2 = 120
p3 = 120
p4 = 120
p5 = 120
p6 = 120
p7 = 120
p8 = 120
p9 = 120
p10 = 240
p11 = 240
p12 = 240
p13 = 240
p14 = 240
p15 = 240
p16 = 240
p17 = 240
p18 = 240
p19 = 240
p20 = -9999
