[info]
name = anything
author = kufi

[start]
x = -2.250000
y = -4.000000

[flags]
closed = 0
control_inverted = 0

[color]
r1 = 0.000000
g1 = 1.000000
b1 = 1.000000
r2 = 1.000000
g2 = 0.000000
b2 = 1.000000

[web]
p0 = 325
p1 = 360
p2 = 30
p3 = 55
p4 = 75
p5 = 45
p6 = 20
p7 = 55
p8 = 85
p9 = 115
p10 = 150
p11 = 170
p12 = 155
p13 = 135
p14 = 150
p15 = 170
p16 = 190
p17 = 225
p18 = 245
p19 = -9999
p20 = 305
p21 = -9999
p22 = 345
p23 = -9999
