[info]
name = N
author = kufi

[start]
x = -2.500000
y = -3.000000

[flags]
closed = 0

[color]
r1 = 1.000000
g1 = 1.000000
b1 = 0.000000
r2 = 0.000000
g2 = -0.000000
b2 = 1.000000

[web]
p0 = 100
p1 = 100
p2 = 100
p3 = 100
p4 = 100
p5 = 100
p6 = 315
p7 = 315
p8 = 315
p9 = 315
p10 = 315
p11 = 315
p12 = 315
p13 = 315
p14 = 80
p15 = 80
p16 = 80
p17 = 80
p18 = 80
p19 = 80
p20 = -9999
