[info]
name = string
author = kufi

[start]
x = -3.000000
y = 3.750000

[flags]
closed = 0
control_inverted = 0

[color]
r1 = 0.000000
g1 = 0.000000
b1 = 1.000000
r2 = 0.650000
g2 = 1.000000
b2 = 0.000000

[web]
p0 = 60
p1 = 20
p2 = 355
p3 = 300
p4 = 260
p5 = 225
p6 = 220
p7 = 255
p8 = 295
p9 = 320
p10 = 340
p11 = 10
p12 = 40
p13 = 10
p14 = 335
p15 = 300
p16 = 265
p17 = 230
p18 = 210
p19 = 175
p20 = -9999
p21 = 80
p22 = -9999
