[info]
name = Downunder
author = kufi

[start]
x = 5.250000
y = -1.500000

[flags]
closed = 0
control_inverted = 1

[enemies]
c = 50
d = 64

[color]
r1 = 1.000000
g1 = 1.000000
b1 = 0.000000
r2 = 0.000000
g2 = 1.000000
b2 = 1.000000

[web]
p0 = 90
p1 = 90
p2 = 90
p3 = 135
p4 = 135
p5 = 225
p6 = 135
p7 = 135
p8 = 135
p9 = 180
p10 = 180
p11 = 225
p12 = 225
p13 = 225
p14 = 135
p15 = 225
p16 = 225
p17 = 270
p18 = 270
p19 = 270
p20 = -9999
